432371769723060233	Abs	99
332788739560701955	Alicia	451
216356454637109248	Arctic Fox	45
468240646289883146	Azrael/Captain Knuckles/Redneck	115
485120582866698242	biggus	170
270811808615366657	chlorine	6
357625736724480000	Daron / Mudhunny	20
409474099442745356	dc/carter	16
409809420621447168	fubar	62
348699941750702081	google dok/ikea/google cate	28
339095826183749632	Jenna	176
442601155022028800	Nanika	271
436022450715754507	nothing_face	72
453529603986685964	Positen	218
263733973711192064	Primaski	296
322558358135635979	Sarahhh	250
447401241035669515	SpaceNime	132
403524610106327041	Ukato	113
486424229307482113	Umbrey-off	342
468367050931306497	Urusla	5
274632066388197387	Vivian	26
334199886318665729	Zizzathan	258
VOIDED: 268564820591247371		67
VOIDED: Sal FN 4?		36
486212472106123264		
100304553777336320		
100413943146643456		
103347843934212096		
103627539175469056		
104660856658210816		
109831281092616192		
112211267535519744		
112318498809577472		
115385224119975941		
115559872648577026		
125815698013421568		
128923796647182336		
128996176736419842		
131499545854083073		
131842625048150016		
137087571992772608		
138481382794985472		
138851816090632192		
139126479987539969		
139889977893978123		
143944402618941440		
144661285974441984		
145269367670571009		
150211671783112704		
150711836524806145		
151778869337260032		
152397252965564416		
153093100896518144		
153098399648841729		
153847883324456960		
154334732065308672		
155537083824472064		
156322045913858049		
159859206936068096		
165611660667518976		
165675956315357184		
165811958828761089		
166657373358784513		
167833236611792896		
168385941902196736		
169534500831887360		
169744921014566912		
169825585122508801		
170435118647738369		
170724702958911488		
173518737348100096		
173731918192443392		
173825126167609344		
175961356594315264		
176103646713479168		
176438974837948418		
177606393270894592		
177869332708065281		
178111924708311040		
178451904076972032		
178682135735959552		
180090708311539712	fruit name	25
180100676611866624		
181231740591931392		
183084446725963777		
183372160075694081		
183390696974057472		
185634919446216705		
186541936172204042		
187003727935307777		
188013679160066051		
188345780384301056		
188680125468901377		
188907706449526785		
189181412820123650		
189717708173082625		
189887843370401792		
190296851830800384		
190908484320100353		
191003876428611584		
191245978580418560		
191986270434623488		
192744603261206529		
192859109446516737		
192881886144495616		
192930409904996352		
193044318884331520		
193445963652792320		
193880770048294912		
194925346578104320		
195275473024974849		
195528601339297792		
196069221703090176		
196116267990646785		
196426791932526593		
197448151064379393		
198189289824190465		
199371286093234176		
199534167359225856	"alex thespian,raventiel"	16
199676819941621761		
201551020390744066		
201639550920032256		
202135223654285312		
202560559046983681		
202709334155591682		
202847595939233792		
203517723605598208		
203585855623790592		
206521919997083651		
206962546249433099		
207642465480474624		
211520594854805516		
211684023620206592		
212681528730189824		
212968799186452482		
213203060116291584		
213468252012150786		
213742247412236299		
214102924949716994		
214151394507096065		
214168676784406529		
214202808826593283		
215994677810298880		
216101738627727361		
216179383277322250		
216901261872594944		
216975530711449600		
219163122521341952		
221430755736158209		
222148513100857346		
222689419914641408		
223245607643381760		
223980399745826818		
224226838166110211		
226687949285228547		
226800063530270721		
226880733988388864		
227789386098540564		
227924467404242946		
229230689281638402		
229971503444131840		
230181792886292481	xd	10
230434548385710080		
231932554687545344		
232763127853219842		
232925528779259904		
233393462328688650		
234214793811197953		
234589233837244416		
234727293153443841		
235039677269147648		
235302075699953664		
235431428085645322		
235677262437941249		
235880260699291648		
236286573941882880		
236906733954400268		
236989792292831233		
237015489472233472		
237060280289329155		
237219015376896002		
237382481068687360		
238388336400531457		
238868956486565889		
238916443402534914		
239267271241891840		
239438051984539649		
239447029191802881		
239799859228573696		
240180637095428096		
241484673102905345		
241699472260726785		
242275624553545728		
242533294124695552		
243342570753622016		
243893769223667713		
244299713531215872		
244605801530916865		
246357114946060291		
246903976937783296		
247156896266453005		
247576800044122112		
247863665598922762		
250418509803290634		
250439103064047618		
252281388915621889		
252530234165952513		
253747532251791360		
254299693989756928		
254580329883500545		
254800836050419712		
254846858365501450		
255098204398288897		
255357417632563214		
256162493708238850		
256622748837609474		
257937060655136779		
257998194766512129		
258859790896201728		
259052892542074895		
259305974907666432		
259527864683200522		
259935350653321216		
259985496560631809		
260106707982745600		
260255745017118721		
261533865666019328		
262095691847958529		
262153740654608386		
262193107154632705		
262592460876677120		
262663101155901440		
263006440585691137		
263131675616215049		
264045227734466561		
264785259638423553		
264789234580324362		
264913674114695169		
264960121988186112		
265331218860474378		
265864480489996289		
266847372406030338		
267401793221165068		
267672600891621376		
268495560372256789		
268552143148023808		
268747805676404736		
268856389399478272		
269279256599592960		
270647987347259392		
270904126974590976		
271065999929901057		
271151912211054595		
272120840814985228		
272442493470244874		
272472879625404418		
272508413681074186		
272517545972596737		
272523643387641856		
272900059782316032		
273566559086182400		
274045870079475722		
274313754982875136		
274339775572606988		
274530479380758530		
274531221709783041		
274533979468595200		
275397306667237376		
275864007162986496		
276160709602050050		
276800324721704970		
277015288816336896		
277155782964019212		
277532504527732746		
277669924623613952		
277872422760349696		
278029062377701376		
279651678012178432		
279916453560582144		
280200559745564674		
280359002586742784		
281457165678542848		
281517288564326401		
281699094974693376		
282173388494077952		
282247415128391681		
282391773706190849		
282517714457591838		
282612209387962368		
282629494479519754		
282762743323557889		
282954976114900992		
283024156172353537		
283821113673515009		
284075116562874368		
284492882579030017		
285075966852726784		
285391325682204672		
285738573146095618		
285883850196910092		
286244666188234754		
286419308228247552		
286477831125467137		
287029505715994631		
287396548214784002		
287517317183700992		
287991668236615682		
288079275809308702		
288187093061074944		
288204780193579008		
288453091852943364		
288765048598560768		
289153763443212290		
290507385150242818		
290514414338048002		
290728608102744065		
290921057374830592		
291036251589574676		
291220537034801152		
291339624322957312		
291382454147874827		
292388178315444224		
292446835593838592		
292527801070780416		
292789877077180417		
292831377588617216		
293087827632324608		
293185798616907776		
294232888398839809		
294586508311003136		
294609440554876928		
294882584201003009		
294950826814865408		
295227903409389568		
295603411062226944		
295786225686675458		
295837990423363584		
296434237006020609		
296740919388930048		
296848509745758209		
297594309451055105		
297607324028370954		
297848711097352192		
298545149124804608		
298697225649782785		
298913207119249409		
298961829713936385		
299053545322184704		
299079845063950336		
299393701380227093		
299578425390268416		
299779317183938562		
300060120941854720		
300324590599798787		
300344540391407616		
300386984545746965		
300555496274788352		
300631999507464193		
300674418261098501		
300811295140085761		
301210118186598400		
301489782461300736		
301616576313032715		
301723315360497666		
302050872383242240		
302380715344134144		
302428004448075776		
302480834307424256		
302524044136415232		
302805124055695360		
305186286111686661		
305359461659181057		
305493508620419072		
306808641430880267		
307602086797901824		
307898291000049684		
307920410727415808		
308192486042632192		
308290179263889409		
308304123223212034		
309034349536477184		
309145557337767937		
309468443365867520		
310525126770819072		
310816983631265794		
310822313605988352		
310847301147164672		
310868793452920833		
311431467760877581		
311438566964068355		
311579885132840961		
311645337909460993		
311983404537217045		
312042647667736577		
312222209609564161		
312258158582038528		
312361977714573312		
312715262845517824		
312999308062621698		
313345070013349888		
313436594080317460		
314133232637575178		
314167622809944065		
314279768650547200		
314578573241614337		
314612151534747650		
315055326434951168		
315100912823828482		
315113978919518209		
315160773389189121		
315319817953607681		
315517797390221324		
315561833358557196		
315911604610793472		
316330232971919372		
316693766046089216		
316707740309520384		
316959803496726528		
316989201860001792		
318393171136610304		
318939709088989185		
319622794973413376		
319922837232287744		
320948714942365697		
321016252665430018		
321247526978322433		
321434036998504458		
321436211476561920		
321757174885908492		
321787890013044737		
322279054952759296		
322509289539239936		
323002066996035584		
323244407476322304		
323459150174486539		
323564229317623809		
323577913351995394		
324276219535163393		
324400052078510083		
324745045473492992		
324745671028768768		
324967676655173642		
325000735131435008		
325466134361145344		
325738082055880704		
326057927137820674		
326204220678209536		
327533387785043968		
327969169129734145		
327984861572890624		
328018684880748545		
328357975150297088		
328641116884959235		
328710227153256448		
328729290176724992		
328914139114110976		
328961635865591809		
329028913860968448		
329310379437981696		
329969613410533376		
330141893327585299		
330416853971107840		
330669071907422209		
330813139794788364		
331721182103470080	toxic paradise	20
332023089980506113		
332224663042261013		
333142704407969802		
333170430934384643		
333425064504721408		
333643625655304193		
334172251207499797		
334836155470053377		
335479897654820864		
335566306843557888		
335596680382775306		
335716630074228746		
336365512738996226		
336705964877021194		
337116184035983361		
337262994088263681		
337296008352628736		
337804402591137792		
337834510869856267		
337943102562107393		
337973997188677632		
337985863596376064		
338171056038608908		
338368255888719873		
338400846826045440		
338643441296736268		
338807208513110016		
339493828144791552		
339551719631618059		
339933562382057474		
340516736824639498		
340532732977348609		
340665902800437250		
341471130747404289		
341548932741988352		
342170274009186314		
342190510489862144		
342430449282318367		
342437373226909709		
342469619564675092		
342788129763098625		
342917938614894592		
342935490196144129		
343033722100121601		
343116288328990720		
343810100416479256		
344560857562480640		
345290331559821313		
346634206732091392		
347251257045680129		
347533790270324737		
347844343287119874		
348026659955539968		
348112951284203531		
348114172938027008		
348507641888374785		
348783319980441610		
348919953497260032		
349479864996462593		
349582516170260480		
350006371669901312		
351089125010440192		
351117600756858882		
351482405313445890		
352034955687362562		
352164661162147840		
352465213674618891		
353036011095457792		
353402489351045120		
353403319798071297		
353473939823132674		
353578548075823122		
353726412248842240		
353779180938461184		
353977588714176513		
354676022769352706		
354688849458233356		
355048705075970069		
355969117490118658		
356375674346274816		
356591647569739776		
356767758970781696		
356966803580125185		
357293554240061441		
358282864179281923		
358458392513085451		
358604467488161794		
358660104096186369		
358843141530451979		
358905299144540161		
359292752191815681		
359443488946913280		
360162541004914699		
360830676779663371		
360965482590765057		
361273910936993793		
361621371501150208		
361823131637252097		
362420397075070977		
363343129853558796		
363878611012288523		
364163797440528386		
364382681791725568		
364608823563911180		
365611111552122880		
365975655608745985		
366091778484600854		
366305864950218772		
366454754110472192		
366770566331629579		
367309235861848066		
367387343549759490		
367721336115691520		
367782834632654859		
367939994305691648		
368144059413561355		
368842251150950400		
368963744467910656		
369639638035595265		
371497505440923659		
371698800835690498		
372263837308813313		
372835660035522572		
373998264560910336		
374008455679180800		
374622837714976779		
375389142097461248		
375488617558179843		
376243521415544832		
377094761590554624		
377821966888861696		
378958943705104384		
379016919530995712		
379171623225262081		
379343629749321749		
379921270705225728		
380506842918420492		
380794737667604482		
381266240234061826		
382253023709364224		
382975353473466368		
383425504969097227		
383683199785500673		
384083904220626944		
384124172864847872		
384796461851738112		
384903073421852672		
385178083210035200		
385638042456817686		
385695579767832576		
385948294309740545		
386955052960579597		
387579896169234432		
388726990082932749		
388781648981786624		
388854999733501952		
389000227798908929		
389165208829952022		
389595839556747274		
389632753139974145		
389657372970319882		
389769579762548746		
391007262237523970		
391031319880138754		
391975459971268608		
392206092907708416		
392412897910849538		
392677303231971330		
393085846590324736		
393226206457233410		
393505907159597056		
393556906255450125		
393580264682422272		
393593194190733313		
393860653493780482		
394219520408944652		
395236087364190218		
395536391427063808		
395676890804912138		
395735090879266818		
396203087028682763		
396297815845896193		
396399721574301697		
396694461993975810		
396753154110128130		
397420072764833796		
397709519800631308		
398127484983443468		
398554931910672428		
398560363798593547		
398601531525562369		
398798530124447747		
398982621960601600		
399007672168611843		
399185057622786049		
399226595593682965		
399392110157103106		
399700238035714061		
400053701953323028		
400759111978844162		
401259068070559745		
401634127498969089		
402519524718542848		
402643997849419798		
402988500179222531		
403567023541452801		
404271762528796673		
404447853096730634		
404457313647329300		
405162325377548288		
405424455184154625		
405913689900711939		
405943657246752793		
406055053070303233		
406254324596080650		
406874810665402378		
406977501718380585		
407635741925965834		
408509139728465923		
408596699695546368		
408881432891752449		
409366367364579328		
409395617232846850		
409509888197132288		
409630354069127168		
409763135545933825		
410989640703672333		
411312529969643520		
411327824612425733		
411434830375419915		
412129818188972033		
412513533130047488		
413276332307382274		
413376039042154497		
414256557925072917		
414512991841812481		
414535834729971714		
414676616887664651		
414895584227491841		
415252993126957058		
416028535698882575		
416253327395913738		
416267470177959947		
416284766514446338		
416808401868161025		
417048694332850176		
417048828215164929		
417314460617670657		
417397161198878731		
418043790000128001		
418208589250035722		
418253000449064960		
418474818048884737		
420247424804847636		
420749046655877131		
420808066070609931		
422238517725364226		
423587383292854317		
424026088629600256		
424161248243089408		
424405861444878337		
424533289185837056		
424994376746270720		
425120768867827712		
425189440177307649		
425396277560475648		
425445728161103882		
426676389790613505		
426761652114030602		
427007456502218752		
427195781179768832		
427786684667527169		
427948604377006080		
428055595216535567		
428381572530700302		
428991298234482688		
429005982194991134		
429207669665169418		
429271272677965836		
429402572017631233		
429860752577396748		
430125039392915456		
430164176200007680		
430222646840524830		
430873797202149386		
430992215393828865		
431283676848979977		
431299359041388554		
431571909877170206		
431881119886213128		
431890246347784192		
431901388377817089		
432053453372784640		
432419613209526273		
432720717318979605		
432973594293698570		
433046327534944277		
433767971182215179		
434297845684895754		
434528397960544257		
434751643565948959		
435210772646330370		
435296325253464064		
435574189005733899		
435670887333625859		
435906617066913794		
436295083244126208		
436371860687683585		
436557552520527883		
437222685991501824		
437593232277241856		
438494825478750229		
438731070033231882		
438844383211814912		
439159917195296798		
439187379547537418		
439312976361553921		
439459975643791370		
439592419525394443		
439741841718640641		
439924578601533471		
440222196061831178		
440421463707615233		
440880415696224277		
441035676880994315		
441299865147015178		
441736388401037312		
441759326290575372		
442012006803832841		
443020452026122240		
443167438197227533		
443222571291246594		
443365312923041793		
443522961769758740		
443790961798021120		
443812149740175362		
444349330883870723		
444846307329310720		
444962847982878751		
445339387287306240		
445726838589751296		
446082871942447104		
447263532409552906		
447291406227079170		
447487261760552982		
447883218218123265		
448299194806042631		
448648278691807243		
448669521243406336		
448908487863304213		
449209158462472205		
449229750968254465		
449391196809330690		
449699627592318976		
450126957724827668		
450174807368269825		
450910035342786560		
451369047318200320		
452178656899498004		
452234856147976213		
452273728307462146		
452273918431068160		
453012512443596832		
453326924115345419		
453772738230747146		
453892276629012481		
454087618817294336		
454967713706541059		
455175371734908940		
455467682066857994		
455510179455172609		
456335175538835467		
456927007738036224		
457080612097097739		
457330824233222158		
457921190116196354		
458318901722349568		
458357636396613633		
458879568938532874		
459288668192899073		
459690133944401941		
460318714601013248		
460415602675417089		
460504351274958872		
460541811094716418		
460771485011804160		
460822409914613761		
462019314199822346		
462394510052425738		
462694708263649310		
462802093917339648		
463010465589493771		
463096798110810123		
463139478219784195		
463469849147080706		
464081339457601536		
464485608392491018		
464875322765082654		
465348203924029442		
465593508607164416		
465699511906598922		
465759226577420289		
465963758532165633		
466219835425292302		
466346360694767637		
466384832113410048		
466658800976396289		
466672733095329802		
467381662582308864		
467387390529634315		
467753093485035530		
468217311191498761		
468977251183099906		
469134062385102888		
469229477579325442		
469891076489084928		
470371806235066378		
470372136213676043		
470458213397954590		
470658695504592906		
470681604054974465		
470694527976341505		
471421575816675349		
471463864542691333		
471484027618983947		
471542201554305034		
471570275662692353		
471667724615942184		
472211952412786691		
472476881900404768		
472978501843288065		
473191475891666944		
473643071142101003		
473947774363107338		
474229698382266369		
474475061613559808		
474699347712540673		
474989292175884289		
475035369910435840		
475297945810501632		
475511796648902671		
475589135848177665		
475881632109297704		
476019602049073170		
476098386001395733		
476259371912003597		
476522430689705985		
476562076156821515		
476831161675415553		
476908636661088267		
477163345187831818		
477232289126809600		
477234317760790529		
477253585844043776		
477506024824111105		
477621597423927316		
477881886656430103		
477915314848530442		
478255536404561949		
479402019434790912		
479622608971890698		
479710567586725898		
479712868049223681		
479816521464676382		
479961128034631681		
479967865911508997		
480219096298815491		
480846012320317450		
480880072648294411		
481083832452513794		
481697494737354752		
481980539239399454		
483193404285517824		
483782055818166272		
484374566752485376		
484874933542060033		
484915446202761216		
485245455836381205		
485391352524308481		
485437116017541121		
485853203179634688		
485861751510925312		
486826193447026688		
486843032776474626		
487321136195960832		
487578029879590913		
487620025084018688		
488356330911039488		
488801058458435610		
489007198647877633		
489061121601568768		
489197333792292864		
489619382910058496		
489637665633730560		
489647975031635987		
489700759596826624		
490178964560674830		
490501883857993739		
490548017867390976		
492037769779216395		
492068834073772042		
492768559294840834		
493203426835038209		
493224032167002123		
493808606207016972		
493923881279553536		
494012594861113345		
494153307229650980		
495294596339728418		
495299235193946123		
495305320050982912		
495344866436317185		
495352292451549184		
495427305141829636		
495998549259976704		
497991065102581770		
498166302972706817		
498179681548238849		
498537926141935617		
498600619016323074		
498970603722899466		
499161789104390145		
499323448691130381		
499353836184666114		
499388122199490563		
499684978322440203		
500082884040851467		
500134999266295808		
500277548568018946		
500285496195284993		
500294753603026945		
500728470897295409		
500972587833098240		
501343941874941962		
501774050037596161		
501923948687261697		
502077748055900170		
502486628737220609		
502575003351515137		
502591232963379201		
502649958067863600		
503296317343399938		
503570098624135178		
503798187807735819		
504210643407208450		
505168607454429204		
505858174360748092		
505886461619470356		
506240566284255235		
506888845665632266		
507049837439483933		
507724718334541824		
508037148092661760		
508455418587250700		
508675734517055499		
508746230155706387		
508768151832625163		
509332348131737601		
509741755881750528		
510057034381656064		
510662514766512139		
511107809694187531		
511356232192491530		
511757055753977856		
512079798403858434		
513253391460466688		
513366833840128000		
513448957616193538		
514372902284427275		
514596215174725652		
514784656613441546		
514985413568495636		
515177689603375127		
515191063498063872		
515361670982270978		
515387423853772811		
515563327196233748		
516631798751559694		
516981769904586770		
516986535418134538		
517308082171412499		
517477427803455498		
517557440414220289		
518151350098460693		
518241484324077568		
518589448993374208		
518600206388953098		
518640269734707221		
518808007006617619		
518996232761245697		
519022169062244382		
519609961156837421		
519650578146787348		
519694171133575180		
519782193170743296		
519850436899897346		
519919327860752386		
520230763568955402		
520545057619705856		
520570432256999425		
520602774979870757		
520758914430664705		
521037604859150368		
521278311851360276		
521369727344443402		
521750548194525184		
522137203162349569		
522500426864525323		
522512285235675157		
522905750096314387		
523326766404599856		
523716004052729893		
524942027113234432		
525631974749110274		
525769643269554177		
525804492025757705		
526117476208214016		
526592347010629633		
527063101225435177		
527574706778406923		
528659186805112862		
529388248535924749		
529808577922203666		
529911589046845450		
529954486941384704		
529998467649503242		
530185265956913192		
530266501740101642		
530473073137418261		
530627413269544961		
530856152909479966		
530882257397743617		
530937259885854730		
530991207439007749		
531155903404179457		
531188275122274305		
531254729527918592		
531505975266508804		
531622672057237534		
531798214026854411		
531933238084763668		
532214538884481036		
532418074499088394		
532687998760779795		
532911249290428418		
533306461808492545		
533588416802193440		
534145295878062100		
534194469302566922		
534530259975012354		
534689121491222529		
534830940120154117		
535187037767204902		
535289052270690328		
535700132663001119		
535833964984664087		
535875933517774879		
535952194206433332		
535956878174191626		
536166342567526400		
536199515158478868		
536322410102784002		
536336017893097474		
536706320263413770		
536999316758331423		
537080327848591360		
537193049160417280		
537321771561517056		
537341599898664960		
538010607291596840		
538216844037718030		
538318567695974402		
538733900340396043		
538814809207078940		
538980536408866827		
539149675064852490		
539154441450815488		
539577211095744521		
540071234998632469		
540293161063284747		
540331687847002112		
540339576535777290		
540718058252140567		
541047729552490506		
541413260679839755		
542048684943081474		
542113909541437451		
542456089724059671		
543071213879296001		
543456456913977345		
543565672358084620		
543624496020586516		
544234847900663829		
544298221434830849		
544302712989286411		
544999501157629963		
545243555342450688		
545347192852840547		
546258953579921430		
546266065383063553		
546775170371551242		
546951450467631122		
547303212919685120		
547572574281007123		
547814098973229057		
548279170795307019		
548376534872752139		
548725507382968351		
548942224864444417		
549259517985030149		
549732605105274899		
549786234252296224		
549791408261693450		
549866258607374342		
550165782898933800		
550822770808979457		
550929549995540483		
551080249044107293		
551199652733648898		
551317702992461879		
551865374963007489		
551997677227999272		
552269072633561108		
552964306866798612		
554109430049013760		
554485900722176010		
554673024536936451		
555263805576314891		
555425822664556554		
555467855693611078		
555940988145762324		
556020945186324483		
556279150630141962		
556881677776060416		
557939882140499968		
559691521683881986		
559773493311438886		
559999045192384532		
560079301085626378		
560299539156828191		
560386039059972103		
560446372671651870		
562610558835228672		
564313295159427092		
564713541702123531		
564844254459854848		
565175647417139221		
565178487128719383		
566692820316979203		
566926533554601984		
567544409865060372		
569340683530403851		
569505102680031242		
569882408090861578		
570872660414693376		
571116883466518528		
571410353238573104		
571822432265175051		
571961610466492437		
572714653260578828		
572936645024808968		
573668457380577281		
574004484611768321		
574436088408571925		
574834910976802836		
575216815945547776		
575429379010854923		
575801975795482664		
576157320405581844		
576807688420327445		
577166849268121603		
577305672996356097		
578359953761370112		
578584919232610304		
578786320436953088		
578969994142941184		
579317474822979584		
579569941272068107		
580939588772691969		
582044402197987331		
83756728784523264		
94192729986187264		
95724323150503936		
99174587358543872		
VOIDED: 423118653102489601 uniea		76
VOIDED: 437744692763820032 garden		15
VOIDED:panda bear		30
VOIDED: jay		7
VOIDED: rachael		77
VOIDED:daoloth		2
VOIDED:dinem		11
VOIDED:1000 stat man		103
VOIDED:SCP049		77
VOIDED:sparkles		238
VOIDED:143550451328090112(swaggeryandere)		60
VOIDED:Jahkarlo		52
VOIDED:Sleeper		50
VOIDED:voodoo child		36
VOIDED:Ack Von Julio		30
VOIDED:Coneius(319048912835182592)		30
VOIDED:Matthew		11
VOIDED:Bromosapien		10
